sys clock: 1000000

391
891
314
787
267
738
250
684
294
786
245
688
212
641
198
592
190
581
189
576
203
597
231
645
194
582
198
583
192
583
190
577
190
575
197
580
190
581
190
574
199
586
470
1338
472
1335
489
1357
474
1340
466
1337
490
1366
466
1335
467
1337
607
1496
483
1354
467
1336
465
1331
491
1359
482
1353
470
1340
644
1571
653
1562
665
1582
701
1610
640
1543
628
1541
679
1611
650
1607
640
1621
694
1645
650
1620
639
1578
623
1556
669
1614
618
1543
475
1360
492
1371
476
1359
478
1350
686
1635
642
1587
627
1602
680
1652
517
1417
478
1362
495
1376
476
1363
476
1365
478
1368
570
1508
500
1394
531
1437
499
1399
513
1411
631
1537
557
1446
475
1348
488
1357
510
1379
517
1408
514
1396
490
1360
493
1366
479
1351
480
1347
494
1371
532
1409
478
1352
545
1428
480
1350
489
1358
500
1366
515
1403
479
1343
511
1382
483
1351
479
1351
492
1366
478
1355
481
1352
565
1454
654
1559
577
1473
482
1348
512
1386
482
1352
779
474
421
931
266
710
382
882
472
972
328
894
294
756
580
1270
264
731
212
644
212
635
221
644
218
643
213
644
220
644
292
777
302
795
321
823
326
850
279
754
319
799
302
801
326
866
672
1676
528
1516
523
1510
549
1541
661
1678
658
1671
632
1627
642
1648
595
1583
514
1467
837
1931
792
1939
564
1249
325
823
237
687
277
728
281
719
215
619
210
608
208
615
221
618
208
607
271
717
302
766
292
745
295
745
297
755
230
654
211
612
216
615
207
609
294
753
309
760
648
1605
645
1597
572
1560
711
1731
667
1689
655
1677
618
1620
627
1646
656
1688
677
1710
582
1578
556
1531
525
1485
505
1465
510
1471
678
1728
525
1492
507
1468
508
1471
601
1604
761
2140
740
1950
312
789
218
664
306
806
217
679
205
632
204
628
213
634
203
629
203
631
220
663
204
627
207
637
206
635
229
681
251
738
203
643
214
646
206
634
254
723
214
653
204
633
508
1505
524
1515
517
1513
502
1494
521
1513
500
1490
509
1496
498
1493
554
1569
503
1495
510
1506
523
1513
499
1485
498
1482
533
1525
496
1491
495
1482
636
1690
515
1484
542
1511
630
1620
523
1468
519
1480
531
1502
526
1474
512
1413
520
1424
529
1429
514
1413
513
1417
537
1437
517
1417
513
1413
532
1431
519
1419
638
1570
624
1543
562
1485
658
1591
519
1424
527
1428
516
1421
521
1420
529
1433
514
1408
509
1410
533
1437
518
1426
508
1410
531
1430
520
1424
518
1423
565
1575
510
1502
512
1503
507
1509
526
1515
504
1496
513
1509
617
1632
504
1494
503
1503
541
1537
502
1488
501
1495
532
1523
510
1495
506
1492
590
1625
499
1500
518
1513
499
1488
523
1516
505
1497
507
1505
525
1517
500
1491
500
1489
531
1520
500
1489
535
1538
545
1532
512
1512
504
1492
533
1520
503
1491
507
1505
520
1535
526
1514
504
1491
510
1513
529
1521
506
1495
502
1487
529
1515
497
1487
499
1490
523
1518
513
1509
500
1495
645
1707
520
1507
512
1504
538
1540
505
1495
500
1489
508
1497
549
1538
502
1493
499
1481
524
1518
509
1505
500
1491
631
1696
509
1507
502
1491
527
1520
499
1492
509
1502
502
1500
525
1514
582
1624
510
1504
526
1521
500
1495
500
1490
538
1538
501
1487
503
1491
525
1519
539
1534
501
1496
515
1510
496
1485
511
1502
495
1487
521
1527
499
1490
508
1496
523
1511
502
1492
513
1506
609
1647
503
1493
507
1495
524
1517
509
1501
508
1505
534
1525
504
1498
511
1500
505
1498
526
1514
502
1496
507
1506
525
1515
505
1492
504
1497
651
1712
503
1491
511
1511
523
1513
654
1758
508
1504
525
1521
508
1496
512
1548
506
1495
525
1524
503
1495
508
1502
559
1554
502
1501
505
1504
540
1535
501
1494
501
1491
526
1518
508
1501
507
1503
525
1517
503
1496
508
1499
612
1675
530
1521
499
1489
515
1503
532
1523
513
1515
506
1502
535
1533
498
1484
501
1487
526
1514
509
1498
510
1503
528
1532
500
1499
505
1498
502
1495
528
1513
503
1513
506
1498
533
1523
583
1629
500
1491
534
1532
503
1494
501
1493
522
1508
511
1504
504
1500
529
1523
501
1494
510
1504
499
1493
525
1519
502
1496
507
1501
532
1526
499
1486
498
1489
536
1525
503
1485
499
1496
558
1576
514
1510
505
1500
529
1521
501
1488
510
1515
493
1495
534
1530
506
1491
511
1505
538
1525
504
1497
503
1490
536
1526
505
1497
506
1496
530
1521
510
1508
509
1492
529
1523
633
1718
510
1507
500
1494
522
1521
573
1614
510
1498
533
1526
499
1499
499
1490
533
1533
499
1490
503
1488
526
1515
507
1501
506
1496
523
1515
495
1723
535
1564
500
1498
530
1516
498
1488
609
1660
538
1521
505
1502
496
1487
537
1532
500
1497
503
1492
530
1516
507
1494
513
1503
532
1526
502
1497
506
1498
508
1499
527
1521
532
1524
505
1507
534
1531
498
1491
502
1496
527
1509
555
1577
502
1500
525
1528
512
1512
504
1498
534
1526
505
1494
605
1741
535
1533
535
1528
501
1488
506
1500
