Following in us

5.521000275621191
1.5100004020496272
1.407000127073843
1.4059996829018928
1.3540002328227274
1.4059996829018928
1.3540002328227274
1.3019998732488602
1.3540002328227274
1.3540002328227274
1.3540002328227274
1.3539993233280256
1.5619998521287926
1.4059996829018928
1.4059996829018928
1.3019998732488602
1.4059996829018928
1.3539993233280256
1.3019998732488602
1.4059996829018928
1.4060005923965946
1.3539993233280256
1.4060005923965946
1.4060005923965946
1.3019998732488602
1.3540002328227274
1.3019998732488602
1.4060005923965946
1.3539993233280256
1.3540002328227274
1.3540002328227274
1.3540002328227274
1.3019998732488602
1.4059996829018928
1.3540002328227274
1.4060005923965946
1.4059996829018928
1.3019998732488602
1.3019998732488602
1.3549997674999759
1.3540002328227274
1.3019998732488602
1.3540002328227274
1.3019998732488602
1.4059996829018928
1.3540002328227274
1.3019998732488602
1.3540002328227274
1.3549997674999759
1.3549997674999759
1.3540002328227274
1.3539993233280256
1.4060005923965946
1.4060005923965946
1.4059996829018928
1.3540002328227274
1.3539993233280256
1.3549997674999759
1.3539993233280256
1.3549997674999759
1.407000127073843
1.3540002328227274
1.4059996829018928
1.3549997674999759
1.3549997674999759
1.3539993233280256
1.3539993233280256
1.3540002328227274
1.3019998732488602
1.3019998732488602
1.4059996829018928
1.4059996829018928
1.4059996829018928
1.3540002328227274
1.4059996829018928
1.3019998732488602
1.3540002328227274
1.3540002328227274
1.3540002328227274
1.3549997674999759
1.3540002328227274
1.3539993233280256
1.3540002328227274
1.3540002328227274
1.302000782743562
1.5099994925549254
1.3540002328227274
1.3540002328227274
1.3539993233280256
1.3019998732488602
1.4059996829018928
1.3550006769946776
1.3540002328227274
1.4060005923965946
1.3019998732488602
1.3549997674999759
1.4059996829018928
1.3019998732488602
1.3540002328227274
1.3540002328227274
1.3030003174208105
1.4060005923965946
1.3019998732488602
1.407000127073843
1.4059996829018928
1.3539993233280256
1.3019998732488602
1.9799999790848233
1.3029994079261087
1.3019998732488602
1.3549997674999759
1.3540002328227274
1.302000782743562
1.3540002328227274
1.3019998732488602
1.3540002328227274
1.3539993233280256
1.3540002328227274
1.4069992175791413
1.3550006769946776
1.3540002328227274
1.4059996829018928
1.4069992175791413
1.3019998732488602
1.3540002328227274
1.3540002328227274
1.2500004231696948
1.3540002328227274
1.3540002328227274
1.3019998732488602
1.3030003174208105
1.3540002328227274
1.3030003174208105
1.3540002328227274
1.45800004247576
1.3540002328227274
1.45800004247576
1.3550006769946776
1.3540002328227274
1.3539993233280256
1.4060005923965946
1.3019998732488602
1.3540002328227274
1.3019998732488602
1.3019998732488602
1.3550006769946776
1.5109999367268756
1.3540002328227274
1.3539993233280256
1.302000782743562
1.3539993233280256
1.3540002328227274
1.45800004247576
1.3540002328227274
1.3540002328227274
1.3540002328227274
1.3540002328227274
1.3540002328227274
1.3540002328227274
1.3550006769946776
1.3540002328227274
1.3540002328227274
1.4059996829018928
1.3539993233280256
1.3540002328227274
1.3539993233280256
1.4059996829018928
1.3019998732488602
1.3540002328227274
1.4060005923965946
1.3019998732488602
1.3539993233280256
1.407000127073843
1.3540002328227274
1.4060005923965946
1.4059996829018928
1.3540002328227274
1.3540002328227274
1.3540002328227274
1.3540002328227274
1.4069992175791413
1.3019998732488602
1.3539993233280256
1.3539993233280256
1.407000127073843
1.3540002328227274
1.3019998732488602
1.3019998732488602
1.3540002328227274
1.4059996829018928
1.3539993233280256
1.3540002328227274
1.3019998732488602
1.3540002328227274
1.4060005923965946
1.3539993233280256
1.3019998732488602
1.3539993233280256
1.3539993233280256
1.3539993233280256
1.3539993233280256
1.4059996829018928
1.3019998732488602
1.3549997674999759
1.3539993233280256
1.302000782743562
1.3540002328227274
1.3540002328227274
1.3539993233280256
1.302000782743562
1.3540002328227274
1.3540002328227274
1.4059996829018928
1.3539993233280256
1.3019998732488602
1.3540002328227274
1.3540002328227274
1.3540002328227274
1.3019998732488602
1.3539993233280256
1.4590004866477102
1.3540002328227274
2.0309998944867402
1.3549997674999759
1.45800004247576
1.3540002328227274
1.4060005923965946
1.4060005923965946
1.3540002328227274
1.407000127073843
1.3019998732488602
1.3019998732488602
1.4060005923965946
1.407000127073843
1.3540002328227274
1.3550006769946776
1.3539993233280256
1.3539993233280256
1.3539993233280256
1.3540002328227274
1.3019998732488602
1.3549997674999759
1.3019998732488602
1.3540002328227274
1.3540002328227274
1.3540002328227274
1.3540002328227274
1.302000782743562
1.3019998732488602
1.3540002328227274
1.3540002328227274
1.302000782743562
1.3540002328227274
1.3550006769946776
1.3539993233280256
1.3540002328227274
1.6670001059537753
1.3540002328227274
1.3540002328227274
1.4059996829018928
1.3540002328227274
1.3540002328227274
1.3540002328227274
1.3540002328227274
1.3539993233280256
1.7189995560329407
1.3540002328227274
1.3539993233280256
1.4060005923965946
1.3540002328227274
1.3539993233280256
1.3540002328227274
1.61500065587461
2.9689999792026356
3.3330006772303022
1.4059996829018928
1.4060005923965946
1.407000127073843
1.4059996829018928
1.3539993233280256
1.3540002328227274
1.3549997674999759
2.0309998944867402
1.3539993233280256
1.3539993233280256
1.3540002328227274
1.3540002328227274
1.45800004247576
1.3540002328227274
1.3019998732488602
1.6669991964590736
1.45800004247576
1.3540002328227274
1.3539993233280256
1.3540002328227274
1.4069992175791413
1.3540002328227274
1.6670001059537753
1.3540002328227274
1.3540002328227274
1.407000127073843
1.4059996829018928
1.3540002328227274
1.4059996829018928
1.9799999790848233
1.3540002328227274
1.3019998732488602
1.3539993233280256
1.3549997674999759
1.4060005923965946
1.3539993233280256
1.3540002328227274
1.3549997674999759
1.4060005923965946
1.3549997674999759
1.4059996829018928
1.3540002328227274
1.3540002328227274
1.5109999367268756
2.2920003175386228
1.5100004020496272
1.3540002328227274
1.3539993233280256
1.3540002328227274
1.4059996829018928
1.3540002328227274
1.3540002328227274
1.3540002328227274
1.3030003174208105
1.3540002328227274
1.3019998732488602
1.3549997674999759
1.3540002328227274
1.4060005923965946
1.3540002328227274
1.3540002328227274
1.3019998732488602
1.3540002328227274
1.4060005923965946
1.4059996829018928
1.3540002328227274
1.407000127073843
1.3549997674999759
1.3540002328227274
1.3019998732488602
1.4060005923965946
1.3540002328227274
1.3540002328227274
1.3540002328227274
1.3539993233280256
1.3540002328227274
1.3549997674999759
1.4059996829018928
1.3540002328227274
1.3019998732488602
1.3550006769946776
1.3539993233280256
1.3019998732488602
1.3540002328227274
1.3540002328227274
2.968000444525387
1.3549997674999759
1.3539993233280256
1.3540002328227274
1.3539993233280256
1.3540002328227274
1.3540002328227274
1.3539993233280256
1.3540002328227274
1.4059996829018928
1.4059996829018928
1.4059996829018928
1.3549997674999759
1.770999915606808
1.4059996829018928
1.5620007616234943
1.5619998521287926
1.3540002328227274
1.4059996829018928
1.7190004655276425
1.4060005923965946
1.3540002328227274
1.3540002328227274
2.6560001060715877
1.4059996829018928
1.3540002328227274
1.3550006769946776
1.4059996829018928
1.3019998732488602
3.6980000004405156
1.8749997252598405
1.3540002328227274
1.3540002328227274
1.3539993233280256
1.5109999367268756
1.823000275180675
1.6670001059537753
1.3540002328227274
1.3540002328227274
1.3540002328227274
1.3540002328227274
1.4059996829018928
2.0309998944867402
2.2399999579647556
1.302000782743562
1.4059996829018928
1.3540002328227274
1.3539993233280256
1.45800004247576
1.45800004247576
1.3540002328227274
1.3030003174208105
1.6670001059537753
1.3549997674999759
1.4060005923965946
1.3540002328227274
1.3540002328227274
1.7189995560329407
2.343999767617788
1.3540002328227274
1.3549997674999759
1.3540002328227274
1.3540002328227274
1.3540002328227274
1.9270000848337077
1.9799999790848233
1.3019998732488602
1.3539993233280256
1.3539993233280256
1.3019998732488602
1.3540002328227274
1.3540002328227274
1.3540002328227274
4.0619997889734805
1.4579991329810582
1.4059996829018928
1.4060005923965946
1.3539993233280256
1.3540002328227274
1.3540002328227274
1.3019998732488602
1.3030003174208105
1.3539993233280256
1.4590004866477102
1.4059996829018928
1.3540002328227274
1.4059996829018928
1.3540002328227274
1.3539993233280256
1.3539993233280256
1.3539993233280256
1.3549997674999759
1.3539993233280256
1.4059996829018928
1.45800004247576
1.3539993233280256
1.407000127073843
1.3540002328227274
1.3549997674999759
1.3019998732488602
1.3540002328227274
1.4060005923965946
1.3540002328227274
1.4060005923965946
1.3540002328227274
1.3540002328227274
1.4059996829018928
1.3019998732488602
1.3540002328227274
1.4059996829018928
1.3549997674999759
1.3539993233280256
1.4059996829018928
1.3539993233280256
1.4059996829018928
1.3550006769946776
1.3540002328227274
1.3539993233280256
1.4060005923965946
1.407000127073843
1.3540002328227274
1.4060005923965946
1.4060005923965946
1.45800004247576
1.3540002328227274
1.3540002328227274
1.3019998732488602
1.3539993233280256
1.3019998732488602
1.4059996829018928
1.3550006769946776
1.4060005923965946
1.3019998732488602
1.3550006769946776
1.4059996829018928
1.3540002328227274
1.3540002328227274
1.3540002328227274
1.3540002328227274
1.3549997674999759
1.3540002328227274
1.4060005923965946
1.4060005923965946
1.3019998732488602
1.4059996829018928
1.302000782743562
1.407000127073843
1.3539993233280256
1.4059996829018928
1.3549997674999759
1.3540002328227274
1.302000782743562
1.3540002328227274
1.302000782743562
1.4060005923965946
1.4059996829018928
1.3030003174208105
1.3540002328227274
1.3540002328227274
1.3540002328227274
1.302000782743562
1.3019998732488602
1.5099994925549254
1.4059996829018928
1.3539993233280256
1.3540002328227274
1.3539993233280256
1.3540002328227274
1.3019998732488602
1.3540002328227274
1.3540002328227274
1.3019998732488602
1.4589995771530084
1.3019998732488602
1.3539993233280256
1.3540002328227274
1.45800004247576
1.3539993233280256
1.3539993233280256
1.3550006769946776
1.302000782743562
1.3540002328227274
1.4059996829018928
1.4059996829018928
1.3540002328227274
1.3539993233280256
1.4059996829018928
1.3539993233280256
1.3539993233280256
1.45800004247576
1.3539993233280256
1.3549997674999759
1.3539993233280256
1.3019998732488602
1.3019998732488602
1.3540002328227274
1.4060005923965946
1.4059996829018928
1.407000127073843
1.3540002328227274
1.45800004247576
1.3019998732488602
1.3539993233280256
1.5100004020496272
1.5620007616234943
1.3540002328227274
1.3540002328227274
1.3539993233280256
1.3019998732488602
1.3019998732488602
1.3540002328227274
1.3540002328227274
1.3030003174208105
1.4059996829018928
1.4060005923965946
1.3540002328227274
1.3019998732488602
1.3539993233280256
1.45800004247576
1.3540002328227274
1.3540002328227274
1.3539993233280256
1.3540002328227274
1.3550006769946776
1.3540002328227274
1.3019998732488602
1.4059996829018928
1.4060005923965946
1.3540002328227274
1.4060005923965946
1.3540002328227274
1.3019998732488602
1.3540002328227274
1.3019998732488602
1.3539993233280256
1.4059996829018928
1.3540002328227274
1.3540002328227274
1.3540002328227274
1.4059996829018928
1.3540002328227274
1.3539993233280256
1.407000127073843
1.3540002328227274
1.3539993233280256
1.3549997674999759
1.3540002328227274
1.3549997674999759
1.3540002328227274
1.302000782743562
1.3019998732488602
1.3540002328227274
1.3019998732488602
1.3540002328227274
1.3540002328227274
1.3540002328227274
1.302000782743562
1.3540002328227274
1.3019998732488602
1.3540002328227274
1.4059996829018928
1.3019998732488602
1.3019998732488602
1.4059996829018928
1.3540002328227274
1.3540002328227274
1.3539993233280256
1.3539993233280256
1.3540002328227274
1.249999513674993
1.4059996829018928
1.3019998732488602
1.3549997674999759
1.3019998732488602
1.3019998732488602
1.4060005923965946
1.3019998732488602
1.3540002328227274
1.3540002328227274
1.3540002328227274
1.4059996829018928
1.4060005923965946
1.3539993233280256
1.4059996829018928
1.3540002328227274
1.3539993233280256
1.3539993233280256
1.3540002328227274
1.3539993233280256
1.3030003174208105
1.302000782743562
1.3019998732488602
1.3540002328227274
1.3539993233280256
1.302000782743562
1.3549997674999759
1.3540002328227274
1.3540002328227274
1.3540002328227274
1.3019998732488602
1.3029994079261087
1.3549997674999759
1.3540002328227274
1.3540002328227274
1.3019998732488602
1.3540002328227274
1.3540002328227274
1.3019998732488602
1.2500004231696948
1.3019998732488602
1.3540002328227274
1.3540002328227274
1.3550006769946776
1.3549997674999759
1.3539993233280256
1.3540002328227274
1.3540002328227274
1.3019998732488602
1.3540002328227274
1.4059996829018928
1.3019998732488602
1.3539993233280256
1.3540002328227274
1.3540002328227274
1.3550006769946776
1.3540002328227274
1.3019998732488602
1.4059996829018928
1.3540002328227274
1.3540002328227274
1.3539993233280256
1.45800004247576
1.3540002328227274
1.3019998732488602
1.3540002328227274
1.3549997674999759
1.3019998732488602
1.3539993233280256
1.3540002328227274
1.3540002328227274
1.3540002328227274
1.3549997674999759
1.3540002328227274
1.302000782743562
1.3540002328227274
1.4059996829018928
1.3019998732488602
1.3540002328227274
1.3019998732488602
1.4059996829018928
1.3019998732488602
1.3539993233280256
1.3540002328227274
1.3540002328227274
1.3019998732488602
1.3539993233280256
1.4059996829018928
1.5099994925549254
1.4059996829018928
1.3540002328227274
1.3019998732488602
1.3540002328227274
1.3019998732488602
1.4060005923965946
1.4060005923965946
1.3539993233280256
1.3540002328227274
1.3019998732488602
1.3540002328227274
1.3540002328227274
1.4059996829018928
1.4060005923965946
1.3540002328227274
1.3019998732488602
1.3540002328227274
1.3539993233280256
1.3540002328227274
1.3549997674999759
1.3539993233280256
1.302000782743562
1.3019998732488602
1.3549997674999759
1.3539993233280256
1.4059996829018928
1.407000127073843
1.4059996829018928
1.302000782743562
1.3539993233280256
1.4059996829018928
1.3539993233280256
1.3019998732488602
1.3539993233280256
1.3540002328227274
1.302000782743562
1.770999915606808
1.302000782743562
1.3540002328227274
1.3540002328227274
1.3549997674999759
1.3019998732488602
1.3549997674999759
1.3540002328227274
1.3019998732488602
1.3019998732488602
1.3539993233280256
1.3540002328227274
1.3540002328227274
1.4059996829018928
1.4059996829018928
1.4060005923965946
1.3539993233280256
1.302000782743562
1.3540002328227274
1.3019998732488602
1.4060005923965946
1.3540002328227274
1.3539993233280256
1.3540002328227274
1.3539993233280256
1.3549997674999759
1.3540002328227274
1.3540002328227274
1.3019998732488602
1.3549997674999759
1.3540002328227274
1.3540002328227274
1.3540002328227274
1.3019998732488602
1.3539993233280256
1.3549997674999759
1.3540002328227274
1.3019998732488602
1.3019998732488602
1.3540002328227274
1.3540002328227274
1.3019998732488602
1.3540002328227274
1.3539993233280256
1.3019998732488602
1.3539993233280256
1.3540002328227274
1.3540002328227274
1.407000127073843
1.3540002328227274
1.3019998732488602
1.4059996829018928
1.3540002328227274
1.3539993233280256
1.3539993233280256
1.4059996829018928
1.3539993233280256
1.3540002328227274
1.3019998732488602
1.3540002328227274
1.3540002328227274
1.3540002328227274
1.3019998732488602
1.302000782743562
1.3540002328227274
1.3019998732488602
1.3540002328227274
1.3540002328227274
1.4060005923965946
1.3019998732488602
1.3540002328227274
1.3540002328227274
1.407000127073843
1.3019998732488602
1.3019998732488602
1.3540002328227274
1.3540002328227274
1.4060005923965946
1.3019998732488602
1.3540002328227274
1.3549997674999759
1.3029994079261087
1.3030003174208105
1.3540002328227274
1.3540002328227274
1.3540002328227274
1.3540002328227274
1.3550006769946776
1.3540002328227274
1.3030003174208105
1.4059996829018928
1.3540002328227274
1.3540002328227274
1.3540002328227274
1.3019998732488602
1.3539993233280256
1.4060005923965946
1.3539993233280256
1.3540002328227274
1.3539993233280256
1.3540002328227274
1.3539993233280256
1.3540002328227274
1.3540002328227274
1.6149997463799082
1.3019998732488602
1.3540002328227274
1.3540002328227274
1.3549997674999759
1.3029994079261087
1.3030003174208105
1.3540002328227274
1.3540002328227274
1.9790004444075748
1.4060005923965946
1.4060005923965946
1.3540002328227274
1.3019998732488602
1.3540002328227274
1.3540002328227274
1.3540002328227274
1.3539993233280256
1.3539993233280256
1.4059996829018928
1.3539993233280256
1.3540002328227274
1.3540002328227274
1.4060005923965946
1.3549997674999759
1.3019998732488602
1.3540002328227274
1.3540002328227274
1.3540002328227274
1.4059996829018928
1.3019998732488602
1.3540002328227274
1.3540002328227274
1.407000127073843
1.4059996829018928
1.4060005923965946
1.3539993233280256
1.3019998732488602
1.3019998732488602
1.3540002328227274
1.4059996829018928
1.3540002328227274
1.3019998732488602
1.4060005923965946
1.4069992175791413
1.3540002328227274
1.3549997674999759
1.3540002328227274
1.4059996829018928
1.3540002328227274
1.3019998732488602
1.3540002328227274
1.3549997674999759
1.3540002328227274
1.4060005923965946
1.3540002328227274
1.407000127073843
1.3539993233280256
1.3540002328227274
1.3540002328227274
1.3549997674999759
1.3540002328227274
1.3539993233280256
1.3539993233280256
1.3539993233280256
1.407000127073843
1.3540002328227274
1.3540002328227274
1.3540002328227274
1.3539993233280256
1.3540002328227274
1.3540002328227274
1.3019998732488602
1.3540002328227274
1.3539993233280256
1.4060005923965946
1.3019998732488602
1.3540002328227274
1.3539993233280256
1.249999513674993
1.3540002328227274
1.3540002328227274
1.3019998732488602
1.3019998732488602
1.3539993233280256
1.3019998732488602
1.3540002328227274
1.3539993233280256
1.302000782743562
1.4059996829018928
1.3539993233280256
1.3540002328227274
1.3019998732488602
1.3539993233280256
1.3540002328227274
1.3019998732488602
1.3019998732488602
1.302000782743562
1.3539993233280256
1.3540002328227274
1.4059996829018928
1.3549997674999759
1.3540002328227274
1.3540002328227274
1.4060005923965946
1.3540002328227274
1.4060005923965946
1.3019998732488602
1.3540002328227274
1.3540002328227274
1.3540002328227274
1.3540002328227274
1.4060005923965946
1.3550006769946776
1.3030003174208105
1.3540002328227274
1.3540002328227274
1.3539993233280256
1.407000127073843
1.4060005923965946
1.3540002328227274
1.3540002328227274
1.4060005923965946
1.3540002328227274
1.3540002328227274
1.3539993233280256
1.3540002328227274
1.3540002328227274
1.4059996829018928
1.3540002328227274
1.3030003174208105
1.3549997674999759
1.4059996829018928
1.4059996829018928
1.4059996829018928
1.3540002328227274
1.3019998732488602
1.3540002328227274
1.3540002328227274
1.3540002328227274
1.3540002328227274
1.3540002328227274
