sys clock: 1000000

338
411
224
474
218
477
272
523
134
272
76
196
148
288
129
269
77
197
157
300
125
265
80
201
153
302
121
266
77
196
74
192
139
282
76
198
77
202
148
288
76
197
90
215
145
276
103
226
105
228
202
430
175
404
192
433
201
347
141
276
127
261
132
268
222
400
145
294
121
244
166
317
137
268
133
273
162
324
111
242
102
228
131
259
122
261
103
231
113
234
106
236
114
243
113
242
149
262
128
242
192
396
204
409
183
382
117
230
115
224
105
219
133
251
141
249
104
210
118
232
145
259
116
227
187
306
117
223
159
276
121
234
130
252
147
297
118
269
106
252
137
273
115
265
129
274
137
270
177
449
175
443
218
482
269
35
134
286
102
260
140
284
121
266
124
285
155
322
112
235
94
225
131
306
263
446
117
247
163
330
120
295
118
249
148
300
121
301
114
259
124
261
149
331
113
241
78
200
254
547
194
441
183
447
139
316
119
250
125
273
154
288
108
237
117
249
154
294
115
245
120
245
118
246
179
380
180
332
110
230
110
229
109
230
115
240
116
242
107
226
105
222
141
284
116
266
202
447
250
492
337
80
123
255
127
259
121
254
119
254
133
268
161
295
119
253
128
261
114
236
97
213
112
245
111
232
92
209
110
244
124
245
93
210
114
275
96
227
158
289
142
291
132
261
242
490
198
440
203
467
207
339
145
296
144
300
146
270
119
251
101
224
114
236
117
252
135
289
117
244
153
292
138
272
82
206
134
271
107
229
63
183
185
383
133
286
84
207
151
293
128
280
121
253
221
473
182
419
159
398
87
216
133
272
113
245
78
198
136
265
65
181
65
185
117
235
69
183
75
195
141
289
92
223
91
226
133
279
126
253
105
238
153
285
176
337
176
370
168
344
130
254
192
431
179
432
248
475
120
246
117
245
156
301
232
431
159
319
403
656
160
317
147
314
256
398
151
263
117
251
146
294
142
274
122
259
140
289
147
283
122
254
148
304
137
267
117
251
147
299
227
466
216
436
219
472
207
455
219
372
154
337
146
316
163
316
144
285
120
246
145
268
141
293
125
248
140
259
142
312
139
316
168
304
136
283
135
307
88
223
179
313
124
290
116
240
157
292
126
289
196
418
412
85
210
468
229
531
237
484
207
466
75
209
156
321
131
285
128
259
73
200
149
310
77
206
75
203
142
284
90
224
77
210
175
320
83
218
76
205
169
341
115
239
175
367
289
534
117
248
122
252
116
244
202
436
186
418
205
451
150
281
134
277
156
272
152
266
127
238
126
237
138
245
119
229
118
251
126
271
116
249
118
248
128
279
179
317
136
281
145
295
143
278
119
257
145
295
144
276
121
258
156
315
254
501
200
462
218
469
139
275
143
276
169
326
138
280
158
293
149
305
132
274
168
313
146
298
134
273
165
303
140
290
132
267
149
277
138
286
125
260
160
291
141
290
127
241
69
182
158
280
206
415
153
350
228
446
156
303
182
321
152
297
136
276
72
204
151
297
129
271
75
206
152
297
134
272
78
208
70
205
146
288
76
208
76
212
173
310
131
268
131
265
147
285
74
206
103
231
218
464
198
443
211
454
172
311
122
259
191
326
128
267
136
268
120
254
125
258
140
277
130
264
127
262
146
280
130
268
128
259
133
267
130
260
126
257
133
259
125
252
161
290
124
278
165
289
117
246
203
465
265
499
204
451
128
264
141
270
110
231
125
253
179
326
135
285
148
304
157
312
125
265
162
306
146
310
177
318
139
292
133
284
172
299
135
265
152
286
182
320
136
303
129
262
195
336
212
487
203
468
270
517
143
287
118
240
170
308
258
508
263
377
290
422
257
420
270
582
208
468
165
302
130
281
114
245
166
309
130
284
121
251
165
303
148
278
113
236
120
246
162
354
108
228
117
238
239
538
198
477
195
428
156
336
126
251
119
240
149
325
70
199
94
245
148
333
130
278
122
257
133
270
154
287
116
251
124
264
119
261
152
352
182
353
144
274
135
269
115
270
114
260
119
279
195
506
226
512
186
467
144
296
124
302
169
315
158
296
147
295
147
280
123
261
131
278
159
297
140
287
154
303
150
282
126
260
145
301
133
262
119
252
147
297
141
280
158
292
184
379
131
265
249
504
206
460
211
459
151
280
161
279
129
244
161
272
164
282
151
268
174
291
157
275
201
414
185
339
215
393
172
412
186
346
164
294
88
229
287
433
179
253
149
224
122
241
175
355
134
318
78
204
264
578
223
526
200
467
74
204
170
330
116
268
122
251
152
328
74
