0
-26740
-709506
-814444
-2784316
-3014291
-6117967
-6515320
-10606020
-11208792
-16146290
-16988351
-22639051
-23750208
-29987227
-31393368
-38096555
-39819833
-46875739
-48934724
-56236578
-58646389
-66094080
-68866547
-76068992
-79510380
-85807970
-90496620
-95645072
-101747642
-105889436
-113189480
-116461466
-124751821
-127285128
-136368066
-138287989
-147975354
-149401256
-159514542
-160559778
-170930210
-171702072
-182170607
-182770329
-193187553
-193710381
-203936455
-204471709
-214376229
-215007368
-224469262
-225273933
-234181385
-235231448
-243481742
-244843305
-252342668
-254076226
-260739630
-262900198
-268651200
-271288376
-276058878
-279217020
-282947014
-286665368
-289302673
-293615547
-295115469
-300052455
-300377513
-305963599
-305083331
-311339048
-309229708
-316171319
-312815587
-320455262
-315841940
-324187980
-318311623
-327368678
-320229291
-329998537
-321601278
-332080610
-322435479
-333619728
-322741275
-334622366
-322529385
-335096522
-321811763
-335051616
-320601483
-334498361
-318912654
-333448670
-316760297
-331915540
-314160263
-329912958
-311129116
-327455805
-307683995
-324559752
-303842574
-321241159
-299622959
-317516993
-295043622
-313404751
-290123326
-308922363
-284881044
-304088077
-279335848
-298920416
-273506881
-293438147
-267413287
-287660163
-261074149
-281605457
-254508503
-275293016
-247735204
-268741702
-240772842
-261970253
-233639734
-254997237
-226353884
-247840992
-218932944
-240519569
-211394175
-233050704
-203754413
-225451793
-196030022
-217739849
-188236885
-209931459
-180390448
-202042765
-172505629
-194089454
-164596820
-186086712
-156677851
-178049235
-148761964
-169991181
-140861818
-161926128
-132989390
-153867089
-125156067
-145826436
-117372653
-137815962
-109649356
-129846898
-101995829
-121929886
-94421131
-114075002
-86933773
-106291731
-79541676
-98588992
-72252181
-90975123
-65072056
-83457869
-58007466
-76044407
-51064028
-68741345
-44246825
-61554738
-37560421
-54490127
-31008970
-47552525
-24596130
-40746409
-18325031
-34075762
-12198345
-27544046
-6218232
-21154264
-386430
-14909011
5295672
-8810449
10827078
-2860376
16207203
2939813
21435814
8589198
26513021
14087217
31439245
19433663
36215158
24628654
40841709
29672580
45320100
34566124
49651772
39310249
53838234
43906174
57881212
48355298
61782635
52659245
65544622
56819865
69169576
60839195
72660049
64719488
76018783
68463148
79248631
72072692
82352520
75550763
85333458
78900109
88194565
82123576
90939015
85224098
93570000
88204679
96090744
91068365
98504488
93818245
100814486
96457453
103024043
98989141
105136449
101416453
107154877
103742531
109082473
105970514
110922399
108103524
112677771
110144693
114351630
112097117
115946960
113963824
117466661
115747794
118913570
117451961
120290461
119079200
121600042
120632317
122844936
122114056
124027695
123527125
125150879
124874156
126216965
126157721
127228319
127380307
128187222
128544302
129095856
129652010
129956314
130705683
130770604
131707491
131540643
132659446
132268229
133563482
132955075
134421436
133602778
135235067
134212852
136006092
134786767
136736148
135325910
137426829
135831644
138079645
136305250
138696025
136747888
139277314
137160641
139824743
137544489
140339470
137900345
140822524
138229122
141274867
138531665
141697396
138808777
142090946
139061195
142456345
139289544
142794359
139494392
143105672
139676214
143390917
139835439
143650668
139972463
143885456
140087642
144095802
140181338
144282184
140253871
144444988
140305441
144584563
140336219
144701232
140346407
144795282
140336179
144866991
140305696
144916605
140255098
144944286
140184469
144950175
140093881
144934392
139983423
144897041
139853169
144838219
139703173
144758010
139533477
144656506
139344116
144533789
139135121
144389962
138906561
144225116
138658497
144039314
138390978
143832612
138104048
143605072
137797764
143356753
137472180
143087691
137127331
142797922
136763253
142487485
136379903
142156421
135977248
141804777
135555312
141432605
135114128
141039951
134653741
140626871
134174207
140193428
133675626
139739695
133158107
139265777
132621727
138771787
132066575
138257847
131492723
137724090
130900258
137170635
130289381
136597614
129660302
136005204
129013274
135393591
128348553
134762972
127666339
134113551
126966843
133445501
126250200
132759008
125516562
132054259
124766197
131331455
123999381
130590843
123216485
129832681
122417886
129057260
121603860
128264876
120774696
127455825
119930647
126630413
119071978
125788941
118198998
124931719
117312021
124059044
116411363
123171225
115497344
122268598
114570304
121351509
113630589
120420320
112678540
119475399
111714505
118517086
110738803
117545728
109751762
116561711
108753738
115565424
107745092
114557260
106726158
113537614
105697274
112506860
104658774
111465378
103610998
110413538
102554335
109351714
101489173
108280315
100415894
107199750
99334879
106110404
98246499
105012666
97151126
103906922
96049112
102793560
94940811
101672988
93826556
100545611
92706683
99411833
91581594
98272052
90451689
97126686
89317343
95976148
88178927
94820811
87036842
93661045
85891486
92497196
84743225
91329607
83592425
90158660
82439444
88984734
81284638
87808156
80128343
86629251
78970894
85448373
77812609
84265870
76653802
83082084
75494825
81897351
74336024
80711979
73177703
79526271
72020162
78340537
70863715
77155079
69708670
75970207
68555251
74786222
67403682
73603420
66254269
72422089
65107312
71242490
63963112
70064877
62821961
68889479
61684130
67716521
60549883
66546258
59419464
65378937
58293109
64214821
57170995
63054168
56053292
61897204
54940214
60744150
53831965
59595200
52728701
58450545
51630577
57310380
50537784
56174898
49450510
55044307
48368947
53918810
47293280
52798602
46223676
51683874
45160296
50574798
44103263
49471542
43052699
48374259
42008708
47283095
40971394
46198238
39940882
45119867
38917291
44048111
37900714
42983095
36891245
41924941
35889006
40873766
34894115
39829696
33906708
38792851
32926915
37763349
31954827
36741301
30990533
35726816
30034031
34720000
29085323
33720919
28144491
32729640
27211612
31746295
26286807
30771008
25370189
29803875
24461879
28844989
23561987
27894179
22670536
26951287
21787545
26016466
20913045
25089860
20047069
24171866
19189712
23262855
18341064
22362846
17501136
21471858
16669936
20589863
15847509
19716839
15033894
18852807
14229111
17997788
13433174
17151822
12646059
16314950
11867741
15487218
11098254
14668670
10337629
13859336
9585909
13059243
8843131
12268417
8109302
11486881
7384424
10714645
6668492
9951718
5961500
9198108
5263445
8453821
4574321
7718884
3894159
6993320
3222985
6277163
2560793
5570440
1907575
4873134
1263217
4185225
627613
3506696
773
2837528
-617292
2177734
-1226541
1527325
-1826935
886289
-2418459
254612
-3001099
-367700
-3574811
-980644
-4139554
-1584206
-4695337
-2178377
-5242166
-2763195
-5780019
-3338696
-6308874
-3904907
-6828747
-4461856
-7339655
-5009548
-7841637
-5547991
-8334730
-6077176
-8818898
-6597095
-9294107
-7107789
-9760319
-7609298
-10217503
-8101676
-10665760
-8584973
-11105193
-9059210
-11535841
-9524408
-11957746
-9980622
-12370887
-10427909
-12775245
-10866324
-13170852
-11295922
-13557740
-11716725
-13935923
-12128758
-14305417
-12532048
-14666221
-12926623
-15018337
-13312514
-15361817
-13689755
-15696715
-14058379
-16023117
-14418425
-16341109
-14769921
-16650701
-15112896
-16951906
-15447451
-17244839
-15773681
-17529614
-16091669
-17806330
-16401497
-18075084
-16703203
-18335927
-16996825
-18588913
-17282394
-18834129
-17559941
-19071661
-17829515
-19301591
-18091162
-19524005
-18344911
-19738984
-18590794
-19946609
-18828888
-20146905
-19059272
-20339902
-19282056
-20525664
-19497348
-20704256
-19705199
-20875797
-19905661
-21040402
-20098779
-21198077
-20284597
-21348830
-20463241
-21492684
-20634829
-21629669
-20799435
-21759870
-20957134
-21883372
-21107921
-22000207
-21251801
-22110408
-21388858
-22214122
-21519175
-22311490
-21642836
-22402628
-21759925
-22487647
-21870503
-22566516
-21974632
-22639211
-22072397
-22705769
-22163883
-22766233
-22249186
-22820744
-22328398
-22869439
-22401582
-22912475
-22468796
-22950000
-22530115
-22982006
-22585612
-23008493
-22635371
-23029474
-22679477
-23044970
-22717979
-23055058
-22750932
-23059818
-22778410
-23059373
-22800491
-23053842
-22817250
-23043311
-22828764
-23027862
-22835099
-23007560
-22836322
-22982466
-22832521
-22952624
-22823784
-22918080
-22810210
-22878892
-22791894
-22835122
-22768911
-22786962
-22741334
-22734596
-22709223
-22678071
-22672643
-22617434
-22631657
-22552724
-22586330
-22483984
-22536725
-22411364
-22482910
-22335012
-22424983
-22255036
-22363041
-22171541
-22297168
-22084618
-22227447
-21994356
-22153939
-21900809
-22076705
-21804031
-21995828
-21704089
-21911391
-21601046
-21823452
-21495001
-21732072
-21386046
-21637300
-21274286
-21539189
-21159817
-21437811
-21042660
-21333240
-20922835
-21225572
-20800443
-21114899
-20675579
-21001300
-20548379
-20884856
-20418972
-20765599
-20287385
-20643566
-20153644
-20518806
-20017808
-20391369
-19879937
-20261372
-19740067
-20128927
-19598233
-19994111
-19454420
-19856997
-19308613
-19717649
-19160871
-19576128
-19011249
-19432487
-18859825
-19286775
-18706674
-19139056
-18551796
-18989391
-18395190
-18837832
-18236927
-18684427
-18077077
-18529241
-17915739
-18372334
-17753010
-18213767
-17588950
-18053600
-17423618
-17891893
-17257029
-17728705
-17089200
-17564106
-16920215
-17398164
-16750154
-17230956
-16579118
-17062556
-16407203
-16892985
-16234456
-16722263
-16060924
-16550412
-15886666
-16377457
-15711735
-16203501
-15536099
-16028641
-15359731
-15852940
-15182542
-15676458
-15004455
-15499232
-14825562
-15321300
-14645954
-15142688
-14465764
-14963426
-14285116
-14783552
-14104042
-14603107
-13922574
-14422142
-13740779
-14240707
-13558720
-14058853
-13376426
-13876627
-13193926
-13694100
-13011274
-13511340
-12828518
-13328411
-12645752
-13145376
-12463063
-12962254
-12280515
-12779061
-12098166
-12595829
-11916029
-12412588
-11734120
-12229368
-11552463
-12046200
-11371085
-11863125
-11190075
-11680185
-11009520
-11497431
-10829424
-11314912
-10649793
-11132676
-10470677
-10950770
-10292123
-10769228
-10114188
-10588084
-9936925
-10407349
-9760350
-10227035
-9584483
-10047188
-9409328
-9867852
-9234892
-9689060
-9061192
-9510843
-8888247
-9333220
-8716128
-9156211
-8544901
-8979838
-8374586
-8804119
-8205201
-8629120
-8036765
-8454900
-7869292
-8281529
-7702779
-8109070
-7537220
-7937498
-7372612
-7766789
-7208952
-7596946
-7046302
-7427970
-6884723
-7259919
-6724225
-7092848
-6564821
-6926754
-6406532
-6761636
-6249379
-6597494
-6093413
-6434329
-5938683
-6272175
-5785254
-6111065
-5633189
-5951020
-5482488
-5792061
-5333153
-5634217
-5185229
-5477519
-5038754
-5321993
-4893755
-5167666
-4750254
-5014553
-4608207
-4862667
-4467570
-4712012
-4328412
-4562588
-4190794
-4414412
-4054720
-4267495
-3920190
-4121885
-3787106
-3977623
-3655377
-3834716
-3524939
-3693172
-3395733
-3552932
-3267715
-3413942
-3140844
-3276228
-3015158
-3139816
-2890695
-3004741
-2767573
-2871034
-2645907
-2738715
-2525710
-2607803
-2406999
-2478315
-2289742
-2350266
-2173911
-2223628
-2059487
-2098374
-1946456
-1974513
-1834800
-1852051
-1724506
-1730996
-1615559
-1611356
-1507945
-1493157
-1401642
-1376425
-1296626
-1261197
-1192899
-1147502
-1090462
-1035317
-989295
-924618
-889376
-815383
-790647
-707591
-693049
-601232
-596607
-496300
-501344
-392808
-407280
-290769
-314437
-190194
-222866
-91095
-132613
6519
-43713
102641
43802
197263
129963
290378
214792
382025
298324
472240
380592
561023
461550
648376
541155
734290
619380
818757
696201
901770
771594
983323
845541
1063454
918013
1142199
988986
1219581
1058448
1295623
1126391
1370321
1192830
1443677
1257782
1515688
1321283
1586355
1383371
1655623
1443995
1723444
1503107
1789825
1560754
1854775
1616979
1918327
1671836
1980510
1725375
2041307
1777602
2100706
1828522
2158707
1878195
2215310
1926680
2270558
1974008
2324495
2020210
2377171
2065197
2428634
2108885
2478873
2151265
2527882
2192328
2575619
2232220
2622049
2271077
2667150
2308865
2710902
2345550
2753320
2381082
2794422
2415415
2834254
2448615
2872864
2480747
2910304
2511836
2946626
2541909
2981781
2570936
3015724
2598892
3048444
2625828
3079937
2651793
3110250
2676824
3139430
2700955
3167488
2724173
3194437
2746469
3220286
2767856
3245049
2788346
3268747
2807909
3291401
2826516
3313001
2844175
3333535
2860894
3352997
2876724
3371378
2891715
3388739
2905846
3405137
2919102
3420591
2931467
3435122
2942929
3448770
2953541
3461574
2963354
3473515
2972342
3484577
2980479
3494736
2987797
3503966
2994328
3512315
3000111
3519823
3005185
3526487
3009532
3532305
3013135
3537264
3016035
3541355
3018269
3544621
3019851
3547105
3020795
3548817
3020940
3549762
3020141
3549930
3018174
3549306
3014836
3547936
3010151
3545862
3004140
3543100
2996950
3539669
2988717
3535540
2979519
3530691
2969430
3525121
2958466
3518830
2946646
3511821
2933977
3504096
2920470
3495692
2906146
3486642
2891028
3476958
2875141
3466651
2858508
3455699
2841230
3444084
2823401
3431854
2805089
3419056
2786359
3405722
2767272
3391882
2747884
3377546
2728238
3362720
2708374
3347381
2688243
3331505
2667799
3315095
2647066
3298154
2626067
3280739
2604811
3262905
2583310
3244648
2561563
3225967
2539570
3206848
2517298
3187282
2494719
3167270
2471916
3146814
2448964
3125929
2425915
3104628
2402815
3082947
2379598
3060920
2356206
3038589
2332636
3015994
2308888
2993120
2285027
2969950
2261114
2946462
2237204
2922633
2213351
2898487
2189494
2874048
2165576
2849338
2141569
2824378
2117443
2799177
2093261
2773744
2069080
2748090
2044877
2722222
2020632
2696151
1996335
2669884
1971979
2643420
1947634
2616758
1923363
2589896
1899086
2562836
1874727
2535566
1850270
2508079
1825703
2480410
1801055
2452594
1776358
2424652
1751606
2396605
1726796
2368461
1701935
2340228
1677032
2311938
1652084
2283617
1627087
2255239
1602063
2226777
1577030
2198252
1551963
2169684
1526840
2141111
1501661
2112571
1476429
2084045
1451212
2055515
1426071
2026997
1400990
1998507
1375953
1970047
1351001
1941621
1326170
1913222
1301441
1884844
1276797
1856512
1252231
1828252
1227739
1800055
1203392
1771911
1179258
1743825
1155363
1715800
1131736
1687816
1108346
1659858
1085164
1631965
1062208
1604172
1039493
1576502
1017000
1548978
994711
1521566
972577
1494232
950553
1466970
928682
1439774
907007
1412658
885479
1385638
864053
1358718
842676
1331900
821300
1305167
799958
1278501
778679
1251909
757492
1225398
736423
1198985
715412
1172686
694401
1146506
673425
1120450
652518
1094500
631764
1068641
611243
1042902
590975
1017311
570976
991871
551253
966587
531809
941430
512584
916373
493521
891469
474578
866766
455716
842286
436932
818053
418224
794042
399559
770231
380904
746600
362276
723131
343690
699860
325181
676822
306785
654027
288511
631485
270370
609160
252329
587022
234357
565049
216469
543226
198681
521557
180996
500049
163418
478718
145973
457579
128684
436636
111575
415891
94667
395328
77916
374928
61278
354937
44750
335580
28326
318561
11960
305449
-4392
287741
-20737
257557
-37079
198195
-53401
94275
-69685
-57390
-85903
-259545
-102029
-505441
-118057
-788606
-133985
-1103786
-149851
-1445946
-165690
-1810695
-181490
-2193837
-197240
-2591392
-212875
-2999578
-228331
-3414941
-243595
-3834215
-258653
-4254192
-273526
-4671863
-288229
-5084532
-302814
-5489690
-317323
-5885009
-331777
-6268344
-346191
-6637712
-360559
-6991308
-374874
-7327460
-389171
-7644667
-403483
-7941744
-417749
-8217649
-431917
-8471615
-445977
-8703001
-459921
-8911116
-473718
-9095396
-487339
-9255339
-500759
-9390564
-513950
-9500908
-526933
-9586309
-539726
-9646666
-552290
-9681980
-564591
-9692383
-576616
-9678096
-588356
-9639445
-599758
-9576831
-610773
-9490739
-621421
-9381716
-631721
-9250380
-641714
-9097399
-651436
-8923567
-660837
-8729713
-669868
-8516665
-678561
-8285282
-686946
-8036380
-695073
-7770805
-702989
-7489498
-710694
-7193410
-718187
-6883438
-725468
-6560485
-732537
-6225507
-739328
-5879455
-745781
-5523256
-751916
-5157833
-757753
-4784077
-763320
-4402871
-768645
-4015131
-773677
-3621755
-778371
-3223600
-782727
-2821506
-786746
-2416312
-790518
-2008833
-794125
-1599850
-797631
-1190115
-801100
-780357
-804498
-371275
-807798
36448
-810994
442161
-814079
845231
-817049
1245056
-819898
1641045
-822599
2032640
-825127
2419306
-827512
2800541
-829784
3175911
-831903
3545013
-833834
3907505
-835587
4263075
-837170
4611459
-838636
4952420
-840033
5285688
-841361
5611024
-842622
5928193
-843771
6236989
-844770
6537256
-845601
6828860
-846251
7111595
-846716
7385287
-846995
7649842
-847074
7905194
-846943
8151351
-846601
8388340
-846048
8616087
-845190
8834541
-843936
9043720
-842206
9243659
-839925
9434413
-837092
9616053
-833706
9788666
-829781
9952356
-825331
10107260
-820446
10253526
-815213
10391315
-809690
10520793
-803933
10642148
-797942
10755574
-791716
10861172
-785287
10959056
-778687
11049416
-771946
11132446
-765091
11208401
-758138
11277533
-751102
11339997
-744018
11395953
-736919
11445545
-729825
11488922
-722754
11526302
-715659
11557905
-708495
11583927
-701285
11604564
-694052
11619979
-686859
11630336
-679766
11635855
-672795
11636753
-665965
11633209
-659317
11625400
-652885
11613491
-646647
11597645
-640583
11578066
-634662
11554953
-628852
11528432
-623214
11498631
-617799
11465675
-612602
11429686
-607617
11390852
-602805
11349353
-598127
11305242
-593560
11258574
-589080
11209430
-584665
11157887
-580292
11104122
-575965
11048304
-571684
10990497
-567407
10930762
-563093
10869001
-558696
10805125
-554172
10739189
-549555
10671247
-544879
10601452
-540131
10529951
-535300
10456875
-530419
10382349
-525520
10306468
-520640
10229327
-515818
10150929
-511021
10071279
-506220
9990439
-501388
9908471
-496500
9825487
-491597
9741596
-486718
9656823
-481910
9571195
-477215
9484772
-472695
9397609
-468405
9309815
-464386
9221493
-460672
9132685
-457232
9043430
-454033
8953788
-451088
8863815
-448407
8773510
-445944
8682872
-443656
8591944
-441533
8500767
-439567
8409380
-437758
8317820
-436108
8226087
-434529
8134184
-432940
8042124
-431363
7949920
-429816
7857627
-428352
7765299
-427017
7672939
-425743
7580553
-424471
7488125
-423207
7395641
-421957
7303065
-420739
7210366
-419568
7117569
-418490
7024701
-417547
6931752
-416734
6838716
-416046
6745566
-415412
6652280
-414765
6558890
-414067
6465431
-413279
